-1.000000000000000000e+01 7.759108439398316648e+01 1.284535039767706976e+01
-9.000000000000000000e+00 8.395987710617248467e+01 1.543400710160103273e+01
-8.000000000000000000e+00 2.954525649157442047e+01 1.834320061584877237e+01
-7.000000000000000000e+00 -3.295696557651520919e+00 1.265272445928220257e+01
-6.000000000000000000e+00 -1.715028489213501928e+01 1.687848138710158352e+01
-5.000000000000000000e+00 -1.602251370888113513e+01 1.783605834365622300e+01
-4.000000000000000000e+00 7.450058449516632209e+00 1.885700321013663228e+01
-3.000000000000000000e+00 -2.652382712469595916e+01 1.029518713658091933e+01
-2.000000000000000000e+00 -1.897324705369665665e+01 1.375557176072525856e+01
-1.000000000000000000e+00 -4.967967209923300942e+01 1.295743205429531919e+01
0.000000000000000000e+00 -2.075401115830710808e+01 1.229818765306461437e+01
1.000000000000000000e+00 -4.657845878253645822e+01 1.656231975358377539e+01
2.000000000000000000e+00 -8.442162062846213288e+00 1.290215351847165515e+01
3.000000000000000000e+00 -2.623439006710293597e+01 1.768615513565402253e+01
4.000000000000000000e+00 8.241737461547796073e+00 1.908805163142996264e+01
5.000000000000000000e+00 3.620080270588834992e+01 1.889052659996474759e+01
6.000000000000000000e+00 3.513827043533483874e+01 1.474350272153176178e+01
7.000000000000000000e+00 3.792932445892681415e+01 1.456709444291176503e+01
8.000000000000000000e+00 9.127299837912559610e+01 1.801451523366666407e+01
9.000000000000000000e+00 1.145221897907472908e+02 1.167774852816013009e+01
1.000000000000000000e+01 1.512101489702656352e+02 1.195300996704468766e+01
